convergence criterion = 15 mev
kpoint mesh selected = 9x9x1


#k-point      Pristine            Increased        Decreased       Relative Increased   Relative Decreased
1             -36.38440067        -36.38878291     -36.37820282    0.00438224          0.00619785
2             -36.73135669        -36.73371859     -36.72737190    0.00236190          0.00398479
3             -36.84732143        -36.84747418     -36.84563433    0.00015275          0.00168710
4             -36.88935962        -36.88882270     -36.88839987    0.00053692          0.00095975
5             -36.88517609        -36.88479453     -36.88404969    0.00038156          0.00112640
6             -36.88340986        -36.88305957     -36.88225461    0.00035029          0.00115525
7             -36.88795329        -36.88750189     -36.88690427    0.00045140          0.00104902
8             -36.88696592        -36.88654063     -36.88588690    0.00042529          0.00107902
9             -36.88602286        -36.88561973     -36.88492292    0.00040313          0.00109994
10            -36.88733948        -36.88690226     -36.88627362    0.00043722          0.00106586
11            -36.88704888        -36.88661918     -36.88597396    0.00042970          0.00107492
12            -36.88662622        -36.88620676     -36.88554077    0.00041946          0.00108545
13            -36.88715932        -36.88672561     -36.88608864    0.00043371          0.00107068
14            -36.88704722        -36.88661704     -36.88597281    0.00043018          0.00107441
15            -36.88683453        -36.88641054     -36.88575469    0.00042399          0.00107984



#k-point      Pristine (eV)       Increased (eV)   Decreased (eV)   Relative Increased (eV)   Relative Decreased (eV)
1             -494.03758362       -494.09654512    -493.95701321    0.0590                   0.0846
2             -499.76706544       -499.79807819    -499.71555307    0.0310                   0.0515
3             -500.84722317       -500.84931133    -500.81919693    0.0021                   0.0280
4             -501.98981355       -501.98200436    -501.98297783    0.0078                   0.0068
5             -501.83340223       -501.82857934    -501.81818923    0.0048                   0.0152
6             -501.75992336       -501.75451492    -501.74217644    0.0054                   0.0177
7             -501.93069509       -501.92361625    -501.91770051    0.0071                   0.0130
8             -501.86792205       -501.86101387    -501.85200512    0.0069                   0.0159
9             -501.70303238       -501.69799121    -501.68854582    0.0050                   0.0145
10            -501.95411635       -501.94827638    -501.94195835    0.0058                   0.0122
11            -501.93026441       -501.92488303    -501.91594156    0.0054                   0.0143
12            -501.77914787       -501.77399971    -501.76427328    0.0051                   0.0149
13            -501.95766248       -501.95208506    -501.94447971    0.0056                   0.0132
14            -501.94695692       -501.94199969    -501.93315299    0.0050                   0.0138
15            -501.81962699       -501.81388644    -501.80536004    0.0057                   0.0143





Pristine
#ENCUT (Ry)   Total energy (Ry)   delta_e (Ry)
1             -36.38440067        -0.34695602
2             -36.73135669        -0.11596474
3             -36.84732143        -0.04203819
4             -36.88935962        0.00418353
5             -36.88517609        0.00176623
6             -36.88340986        -0.00454343
7             -36.88795329        0.00101263
8             -36.88696592        0.00094306
9             -36.88602286        -0.00131662
10            -36.88733948        0.00029060
11            -36.88704888        0.00042266
12            -36.88662622        -0.00053310
13            -36.88715932        0.00011210
14            -36.88704722        0.00021269
15            -36.88683453        0

