convergence criterion = 15 mev
ENCUT selected = 45 Ry ~ 612.25667892 eV


# ENCUT        Pristine          Increased         Decreased         Relative Increased   Relative Decreased
10            -35.86906084      -35.87802903      -35.86580706      0.00896819          0.00325378
15            -36.44374422      -36.44843024      -36.43806492      0.00468602          0.00567930
20            -36.74514225      -36.74730736      -36.74202280      0.00216511          0.00311945
25            -36.84101625      -36.84112610      -36.83902254      0.00010985          0.00199371
30            -36.87085523      -36.87041420      -36.86976959      0.00044103          0.00108564
35            -36.88210890      -36.88173242      -36.88089492      0.00037648          0.00121398
40            -36.88542230      -36.88503085      -36.88431478      0.00039145          0.00110752
45            -36.88602286      -36.88561973      -36.88492292      0.00040313          0.00109994
50            -36.88616758      -36.88575793      -36.88506773      0.00040965          0.00109985
55            -36.88634215      -36.88593940      -36.88523962      0.00040275          0.00110253
60            -36.88655093      -36.88614992      -36.88544686      0.00040101          0.00110407
65            -36.88673833      -36.88634318      -36.88562958      0.00039515          0.00110875
70            -36.88688450      -36.88649288      -36.88577325      0.00039162          0.00111125
75            -36.88697811      -36.88658571      -36.88586524      0.00039240          0.00111287
80            -36.88702401      -36.88663131      -36.88591263      0.00039270          0.00111138






# ENCUT (eV)   Pristine (eV)     Increased (eV)    Decreased (eV)    Relative Increased (eV)   Relative Decreased (eV)
136.05703976   -487.92198188     -488.04384009     -487.87736837     0.12185821               0.04461351
204.08555964   -496.13350133     -496.19706371     -496.05980413     0.06356238               0.07369720
272.11407952   -500.66538291     -500.69477945     -500.62297089     0.02939654               0.04241202
340.14259940   -501.97798293     -501.97947794     -501.95194387     0.00149501               0.02603906
408.17111928   -502.39294409     -502.38795109     -502.37967432     0.00499300               0.01326977
476.19963916   -502.53796135     -502.53284635     -502.52139113     0.00511500               0.01657022
544.22815904   -502.58301925     -502.57769317     -502.56709612     0.00532608               0.01592313
612.25667892   -502.59121348     -502.58574035     -502.57697863     0.00547313               0.01423485
680.28519880   -502.59325605     -502.58765737     -502.57982578     0.00559868               0.01343027
748.31371868   -502.59559613     -502.59009461     -502.58282828     0.00550152               0.01276785
816.34223856   -502.59847346     -502.59290754     -502.58614793     0.00556592               0.01232553
884.37075844   -502.60095414     -502.59555964     -502.58881085     0.00539450               0.01214329
952.39927832   -502.60298668     -502.59766295     -502.59125265     0.00532373               0.01173403
1020.42779820  -502.60429093     -502.59896058     -502.59253476     0.00533035               0.01175617
1088.45631808  -502.60489902     -502.59953093     -502.59319162     0.00536809               0.01170740







Pristine
#ENCUT (Ry)   Total energy (Ry)     delta_e
10            -35.86906084          -0.57468338
15            -36.44374422          -0.87608141
20            -36.74514225          -0.39727203
25            -36.84101625          -0.12571298
30            -36.87085523          -0.01125367
35            -36.88210890          -0.00331340
40            -36.88542230          -0.00059956
45            -36.88602286          -0.00014472
50            -36.88616758          -0.00017457
55            -36.88634215          -0.00018878
60            -36.88655093          -0.00018740
65            -36.88673833          -0.00014617
70            -36.88688450          -0.00009361
75            -36.88697811          -0.00004590


